%%%%%% r2i%%%%%%

function r2i = r2i(no)
no=0.1;
r2i= -25.824*no^5 + 61.275*no^4 - 56.035 *no^3 + 25.096*no^2 - 5.8833*no + 1.0977;
end